.Random.seed <-
c(10403L, 10L, -90219490L, 1816607465L, -1425760229L, -1845991382L, 
399768396L, -214034161L, 1919274053L, 1094225404L, -273728430L, 
-929161779L, -126304377L, -390366610L, 1201928776L, 1428294731L, 
-1164743255L, -1124826888L, -727391194L, 1241277761L, -25373997L, 
1391778434L, -822673228L, -1498877897L, 1215554349L, 984930372L, 
-1904122518L, 409391573L, 309299055L, -317309322L, 1587343776L, 
-796952989L, 438406913L, -787448208L, 2043648526L, -1857154439L, 
-1778565621L, -1217425606L, 950138428L, 595516799L, -69308715L, 
529792748L, -36253630L, -406046819L, -775109097L, -1399211138L, 
-425928392L, -1941801445L, -1032595591L, -211398200L, 55184886L, 
-1065029583L, -331859357L, 1501292082L, -1436355708L, -804007481L, 
-1373112163L, 1660596244L, 1272956602L, -777758971L, -480938785L, 
-126782106L, 1951072496L, -1438710765L, -1485174351L, -1103772576L, 
-1484713474L, -408439415L, 1339912891L, 682811018L, -2060576404L, 
-2113118481L, -922851035L, 1949009884L, 1310680498L, 1033827501L, 
1747801191L, -500438130L, 1923034216L, 270010475L, 46535177L, 
-577413992L, -720351290L, -594795743L, -947490893L, 1973208866L, 
760092948L, -664700521L, 1740155277L, -131649372L, 2031184522L, 
-1151180555L, 1427244879L, 1900216406L, -984175872L, 571645507L, 
694183393L, -1196723888L, -1313200210L, -1250665127L, -1980798101L, 
-1086362918L, -1605760100L, 1404753823L, 1821367797L, -1056837492L, 
-50368158L, -153981635L, -1931960905L, 920447582L, -2034566248L, 
2087310075L, -671049063L, 278061864L, 303993302L, -1395704239L, 
1562721539L, 1006465170L, -299514332L, 1123408103L, 418737469L, 
838289844L, -1951263206L, -769763995L, 1191697407L, 2114796166L, 
-20796912L, -134582093L, -1011913903L, 1585547008L, 1838958046L, 
-755356119L, -1124399653L, -535590166L, -32995188L, -1577437233L, 
1494118277L, -864207812L, -1822888686L, -1105581555L, -2126921401L, 
-1523121362L, 628514440L, -1683253365L, 846985065L, -1847334600L, 
-884591642L, 1878918017L, -1402553581L, -1026489150L, -958685324L, 
2084864887L, 1300673645L, 799386372L, 2023330346L, 763690901L, 
1562223663L, 102489398L, 1308976480L, -1757781085L, -875666239L, 
-2099092304L, 1279968206L, 277677881L, 1251399499L, 1573176570L, 
275447292L, -653816257L, 1090032405L, -1392644052L, -229445374L, 
2069281245L, 1530120407L, 133379006L, -1985358344L, -935661093L, 
2071502905L, -1998751352L, 1662883126L, 977309553L, 357440931L, 
910483698L, 1641937988L, -1671608569L, 218654429L, -1666201644L, 
285071098L, -644445627L, 430959263L, 1954007078L, -1137599312L, 
1462373715L, 510474353L, -1761630816L, -1297655490L, -1331279799L, 
-767771397L, -117713718L, -1058420180L, -1653617105L, -1238315291L, 
-235158628L, -1265842702L, -1144823699L, -328996441L, 1266244558L, 
600285480L, 1456849707L, 1880547657L, 825185880L, -1535219962L, 
1995408097L, -1936988557L, 660614882L, 1759408724L, -756802729L, 
1813487437L, -861338908L, 202369738L, 1035051829L, 1039329679L, 
236781206L, 86269504L, 1426982659L, 1839939361L, 1124567056L, 
-2009690130L, 692858777L, 78223403L, -1993909236L, -148540836L, 
-38505006L, 886029824L, 1244041556L, 1949795560L, 823154938L, 
-901451056L, -1448976596L, 1003666676L, -416729710L, 869296480L, 
1531881484L, -984160032L, -2015533470L, 1008726184L, -669837236L, 
-748398724L, -902030030L, -106328464L, -2122545340L, 1865632728L, 
15863674L, -1226980304L, -819585092L, -1906419116L, 1248743490L, 
1552750240L, 1248742076L, 1569425360L, 1151265122L, 1975765736L, 
1378751692L, 786926076L, -1671368206L, 1754206336L, 2031775220L, 
-6649208L, -1773877446L, -806258352L, -1684588436L, 494650772L, 
-928043950L, 666636768L, -1809317684L, 916269728L, -717344382L, 
1870222568L, 1030765292L, 419967292L, -1181651854L, -2005229968L, 
-1648241116L, 1966415928L, -446778086L, -580128560L, 1632496956L, 
1717850004L, -321112190L, 231370688L, 575286844L, 1848205712L, 
-1869020126L, 824713480L, -39426932L, 380556060L, 2021232786L, 
-518766208L, -1500398572L, 1515353896L, -1714864582L, -2097192496L, 
1420992876L, -778719308L, 2060334610L, 1974047712L, 1218057676L, 
-86981408L, 823019554L, 2058522408L, -2105637364L, 675564348L, 
-2135450638L, -331574544L, 1386250820L, 1781311064L, 1006038842L, 
198405104L, 1226530492L, 325213460L, 1431421122L, -2034351008L, 
-937897604L, -1516875824L, 298264866L, 1208131240L, -695233652L, 
942937276L, -440572110L, 312128064L, -2061005644L, -2063063992L, 
1008222650L, 1085173264L, -712800020L, 613732692L, -603754734L, 
-238226016L, -814708020L, -1252825504L, -1635123262L, -769877208L, 
2115970476L, 2110142780L, 709072754L, -591726288L, -1963184348L, 
-1482031816L, 683260634L, -2070321264L, -393641220L, 1497173908L, 
893040706L, -1678508800L, -1308347332L, 1102194000L, -2072557406L, 
-1571678392L, 2082737932L, 1556089564L, -976598190L, 622518912L, 
-1606825900L, 375481320L, 755570426L, 299053392L, -41718996L, 
382418804L, -1621075054L, 156073568L, 1267130252L, 210477920L, 
1529282530L, 697483176L, -1361525556L, -587874820L, -1229601870L, 
717320688L, -1643474492L, -291798696L, 1866970490L, -1809968720L, 
1405870012L, -656215980L, 782218178L, -1388159968L, 307297468L, 
1829417552L, -1181747230L, 1039421032L, 1645345356L, -1275129604L, 
1062764530L, -1190398720L, 1260138356L, 424689672L, 1764392378L, 
390219216L, -291005460L, -205733996L, 1465619410L, -1982945440L, 
-1513439924L, 296598816L, 662168450L, 1404138216L, 552535276L, 
-1345789380L, 961168242L, -127018384L, 1704849444L, 1897873208L, 
2046731418L, 907631312L, 361203900L, 949171860L, 28446338L, -706913088L, 
-2049511108L, -1035179888L, 885170722L, 2083577352L, -714221300L, 
208915100L, -309680622L, 2129200512L, -1606158828L, 1308519976L, 
-260754118L, 658995152L, -814062996L, 1349447476L, -1636312430L, 
-2121639584L, 415795532L, -1219944480L, 880474018L, -1232818264L, 
-1193876596L, -372238660L, -1492206734L, -1024648976L, 1833734212L, 
96828760L, 1647150138L, 650492784L, 147860540L, -268713196L, 
1206788546L, -795803424L, 474761084L, -152635696L, 1682245282L, 
-1673688024L, -1232826100L, -1353536580L, 2128231730L, 1127847638L, 
-804122700L, 302014405L, 2002984719L, -2057855608L, 1581037734L, 
-783964077L, -433204811L, 2059966226L, 1913486560L, 2065715529L, 
502262651L, -2032691636L, -566614054L, 355743183L, 1677558681L, 
2054886318L, -1571694404L, 1019506989L, -2105638185L, 1005890336L, 
1033751678L, -1011436981L, -1890123699L, 850927226L, -1432500552L, 
-269597599L, 306472467L, -1847743436L, 339055170L, -1804077481L, 
978357665L, -1309577626L, 1886199396L, 321805717L, 1792921279L, 
-805898664L, -1530551690L, 1711984259L, -779988283L, 1704656866L, 
549120592L, 591638393L, 753505451L, 1034632220L, 2004245322L, 
1007393599L, 2061432201L, -541610594L, 144450636L, 243402269L, 
-1184691289L, 925273808L, 1529315438L, 1261618971L, -1592252291L, 
-1690888598L, 495040264L, 1756399537L, 331829283L, -2013318876L, 
464717266L, 778704423L, 529080433L, 567576246L, 2057394772L, 
-88033563L, -376376593L, 2102812200L, 1078729350L, 593241267L, 
-205444587L, -1455768462L, -536160064L, -1359934167L, 1188279195L, 
-1652562836L, -1660901254L, -872271441L, 1708288185L, 1754987214L, 
257832988L, 1117387661L, -1418648073L, -1994008320L, 102020958L, 
-264851413L, 624389933L, -173542502L, 668561752L, -1422449471L, 
-2076449933L, 1686478996L, -513456862L, -1846569929L, 86658305L, 
2141007878L, 1392920132L, 1154408309L, 1343525599L, 2016939576L, 
-2088948202L, -1030823389L, 326692325L, 1207641090L, 1391609456L, 
1509688345L, -1783257589L, 610964732L, -812328662L, 1920319327L, 
-947462423L, -1061011970L, 368218604L, -1262053059L, -519730937L, 
1220688112L, -538762098L, -888824133L, -964809059L, 1803098698L, 
34748520L, -1903056815L, -150119613L, 2006126148L, 298200306L, 
1182075079L, -991647087L, -1593854954L, 832503412L, 1088194821L, 
664913743L, 799453512L, 1089445094L, -427666925L, 714401141L, 
384047442L, 97104288L, 1867106441L, 189948091L, -1260799220L, 
855034522L, -1863860209L, 1062011993L, 1584777454L, -574944388L, 
